30
36
42
49
61
64
71
73
74
77
86
94
109
110
113
127
136
138
149
151
164
165
192
201
241
247
257
260
283
294
307
308
309
315
322
326
328
338
349
357
359
360
368
370
382
389
394
395
397
400
415
419
428
431
436
443
446
459
471
474
488
490
510
520
529
531
532
536
540
542
544
560
564
569
572
575
581
589
599
623
625
629
634
641
650
656
659
673
675
681
684
690
692
693
699
711
716
722
723
730
731
735
761
762
764
775
781
790
795
810
821
825
828
831
836
839
882
897
901
913
923
925
927
934
943
955
960
962
965
969
974
977
984
985
999
1006
1011
1014
1025
1053
1085
1089
1098
1102
1107
1108
1122
1138
1139
1144
1145
1146
1149
1155
1164
1171
1176
1180
1183
1200
1204
1216
1232
1237
1244
1270
1271
1290
1292
1295
1298
1306
1307
1308
1311
1315
1319
1323
1330
1332
1342
1350
1359
1360
1366
1369
1374
1375
1381
1390
1393
1397
1398
1401
1403
1404
1407
1408
1424
1431
1436
1451
1453
1464
1488
1496
1518
1522
1523
1526
1527
1536
1548
1554
1563
1569
1573
1577
1579
1580
1586
1589
1590
1591
1592
1596
1599
1611
1622
1625
1626
1637
1639
1655
1667
1668
1670
1688
1700
1706
1709
1720
1722
1732
1739
1756
1757
1762
1764
1771
1774
1779
1785
1790
1792
1799
1804
1811
1815
1822
1837
1840
1841
1856
1864
1875
1888
1895
1900
1906
1911
1915
1924
1926
1941
1942
1943
1947
1948
1955
1958
1960
1966
1987
1994
1999
2001
2007
2014
2055
2056
2072
2083
2089
2106
2114
2124
2135
2139
2142
2148
2154
2171
2179
2184
2191
2209
2211
2212
2225
2229
2235
2239
2258
2270
2278
2281
2283
2295
2302
2309
2337
2347
2349
2369
2372
2377
2389
2400
2402
2415
2429
2434
2444
2445
2446
2448
2453
2459
2466
2470
2471
2477
2498
2521
2525
2529
2536
2543
2545
2555
2560
2562
2563
2567
2575
2583
2585
2602
2606
2608
2613
2614
2621
2639
2640
2644
2658
2664
2672
2686
2687
2691
2693
2703
2732
2742
2752
2753
2754
2755
2758
2764
2774
2782
2822
2823
2833
2839
2842
2860
2867
2881
2890
2892
2896
2907
2951
2963
2983
2985
2988
2992
2998
3000
3001
3008
3035
3048
3067
3076
3077
3091
3103
3109
3118
3124
3125
3134
3145
3148
3157
3160
3197
3209
3217
3220
3225
3236
3242
3259
3272
3276
3293
3310
3320
3325
3326
3337
3348
3353
3361
3365
3366
3375
3378
3382
3412
3425
3432
3442
3457
3461
3466
3474
3478
3488
3493
3514
3521
3528
3532
3535
3538
3579
3580
3590
3602
3623
3628
3637
3668
3682
3685
3693
3694
3711
3713
3716
3729
3735
3745
3751
3761
3770
3779
3786
3789
3793
3804
3817
3827
3830
3837
3849
3860
3862
3865
3866
3870
3877
3897
3899
3911
3915
3917
3920
3935
3938
3939
3964
3967
3982
3983
3988
3995
3999
4011
4020
4021
4032
4038
4042
4057
4065
4066
4068
4069
4080
4092
4093
4108
4125
4129
4130
4131
4138
4139
4140
4159
4172
4173
4175
4180
4187
4201
4211
4212
4219
4227
4239
4243
4244
4245
4246
4259
4265
4266
4275
4282
4286
4289
4296
4309
4312
4331
4355
4359
4360
4375
4376
4377
4385
4386
4392
4394
4404
4410
4421
4424
4426
4428
4438
4441
4442
4444
4462
4471
4478
4489
4490
4497
4498
4502
4508
4509
4527
4535
4537
4549
4551
4554
4555
4567
4571
4574
4576
4578
4587
4592
4595
4608
4616
4620
4622
4642
4662
4665
4678
4684
4688
4700
4702
4704
4711
4714
4716
4719
4731
4736
4739
4741
4742
4760
4761
4762
4764
4772
4820
4823
4834
4840
4843
4844
4859
4876
4885
4891
4893
4903
4904
4916
4947
4963
4968
4970
4972
4975
4979
4980
4981
4984
4988
4993
5016
5018
5021
5028
5032
5033
5038
5064
5073
5076
5083
5085
5086
5088
5094
5105
5107
5113
5115
5123
5124
5131
5139
5140
5142
5152
5156
5165
5169
5172
5174
5178
5198
5205
5210
5213
5215
5219
5225
5237
5244
5245
5247
5253
5256
5260
5278
5282
5288
5294
5303
5312
5313
5324
5325
5326
5336
5339
5340
5345
5355
5356
5359
5360
5368
5373
5376
5377
5385
5388
5394
5424
5425
5430
5434
5435
5437
5443
5459
5469
5471
5476
5482
5483
5486
5502
5505
5508
5513
5522
5535
5554
5559
5569
5577
5587
5589
5595
5599
5601
5608
5614
5617
5619
5620
5632
5635
5638
5641
5643
5644
5649
5652
5669
5670
5673
5683
5684
5688
5689
5699
5701
5703
5713
5715
5728
5736
5740
5755
5756
5757
5769
5782
5802
5804
5811
5820
5823
5828
5830
5832
5860
5862
5879
5882
5883
5906
5907
5913
5915
5916
5917
5933
5934
5946
5961
5962
5965
5967
5994
6004
6005
6010
6016
6019
6026
6028
6031
6033
6041
6042
6051
6053
6057
6074
6075
6091
6101
6107
6140
6148
6151
6155
6180
6189
6190
6197
6200
6216
6225
6226
6229
6230
6233
6253
6262
6268
6270
6287
6293
6295
6318
6327
6332
6334
6338
6339
6355
6357
6358
6364
6379
6380
6393
6397
6407
6409
6414
6417
6421
6424
6432
6447
6465
6484
6489
6491
6497
6517
6518
6520
6522
6531
6539
6541
6562
6572
6578
6579
6580
6589
6590
6593
6602
6603
6608
6627
6632
6640
6658
6662
6664
6673
6675
6692
6701
6709
6710
6712
6715
6719
6720
6725
6730
6744
6747
6748
6749
6760
6764
6777
6780
6783
6789
6790
6810
6811
6824
6842
6846
6847
6860
6862
6864
6870
6873
6896
6901
6906
6920
6921
6935
6936
6941
6943
6945
6957
6964
6973
6981
6996
6998
7022
7023
7035
7049
7050
7069
7072
7095
7096
7103
7104
7115
7116
7123
7124
7125
7129
7139
7149
7150
7155
7159
7167
7174
7178
7201
7207
7220
7221
7228
7232
7247
7253
7256
7260
7274
7275
7276
7277
7297
7298
7304
7307
7318
7319
7320
7325
7333
7355
7357
7394
7414
7420
7424
7444
7452
7500
7503
7519
7524
7535
7539
7556
7570
7583
7593
7594
7596
7603
7615
7616
7621
7623
7627
7629
7642
7643
7650
7653
7665
7673
7682
7685
7689
7690
7710
7713
7722
7726
7727
7729
7730
7733
7735
7740
7746
7757
7758
7762
7772
7781
7782
7785
7789
7794
7809
7819
7827
7830
7838
7839
7852
7853
7873
7890
7894
7899
7913
7921
7932
7938
7946
7952
7953
7961
7988
7989
7996
8005
8006
8010
8014
8019
8024
8025
8042
8043
8053
8055
8058
8063
8064
8065
8066
8074
8080
8086
8095
8106
8114
8119
8131
8170
8176
8179
8180
8181
8186
8187
8188
8190
8191
8193
8204
8238
8245
8284
8285
8294
8297
8305
8309
8311
8314
8321
8329
8333
8339
8341
8350
8351
8369
8373
8383
8385
8394
8396
8405
8414
8422
8429
8431
8432
8436
8439
8443
8445
8458
8468
8469
8483
8493
8494
8495
8498
8504
8519
8520
8536
8553
8559
8562
8564
8571
8581
8587
8589
8592
8593
8594
8599
8602
8630
8639
8644
8646
8647
8649
8653
8657
8659
8665
8676
8677
8708
8711
8725
8746
8747
8771
8772
8775
8781
8785
8786
8787
8791
8794
8803
8807
8809
8813
8816
8821
8829
8832
8834
8836
8841
8846
8853
8856
8872
8896
8909
8922
8923
8933
8944
8965
8968
8979
8981
8991
8999
9002
9003
9007
9012
9016
9018
9024
9025
9029
9041
9045
9057
9060
9091
9095
9105
9112
9113
9119
9133
9138
9148
9170
9171
9172
9174
9175
9176
9190
9202
9203
9218
9226
9231
9236
9253
9270
9274
9275
9286
9287
9296
9317
9321
9322
9353
9372
9379
9395
9408
9409
9413
9420
9429
9446
9450
9451
9460
9462
9465
9466
9469
9479
9488
9511
9514
9517
9527
9539
9542
9556
9557
9572
9599
9608
9615
9628
9647
9648
9651
9656
9658
9669
9673
9679
9696
9698
9699
9707
9708
9727
9729
9735
9738
9744
9745
9760
9763
9767
9771
9774
9789
9797
9800
9801
9807
9813
9820
9830
9833
9836
9843
9845
9846
9851
9859
9872
9878
9885
9895
9904
9910
9927
9929
9935
9941
9945
9946
9951
9960
9968
9975
9983
9987
9990
9993
9999
10005
10012
10014
10015
10023
10024
10040
10041
10056
10058
10069
10082
10094
10097
10104
10107
10123
10125
10130
10138
10142
10145
10149
10175
10176
10179
10192
10205
10216
10219
10222
10229
10230
10232
10239
10241
10243
10244
10245
10248
10249
10256
10265
10275
10276
10281
10309
10313
10318
10319
10321
10324
10342
10346
10358
10369
10386
10388
10393
10403
10428
10434
10442
10445
10463
10466
10472
10484
10489
10496
10498
10526
10534
10540
10545
10546
10547
10560
10566
10579
10581
10591
10600
10613
10614
10615
10621
10624
10639
10643
10644
10646
10678
10681
10683
10684
10689
10693
10694
10698
10701
10705
10710
10711
10714
10716
10719
10727
10732
10743
10759
10766
10779
10784
10785
10787
10793
10799
10817
10818
10825
10831
10837
10844
10867
10870
10871
10877
10881
10890
10903
10920
10925
10928
10929
10936
10948
10954
10966
10969
10986
11004
11015
11025
11029
11034
11041
11065
11075
11077
11080
11091
11099
11100
11107
11115
11129
11138
11156
11158
11159
11168
11169
11172
11181
11182
11188
11195
11198
11205
11209
11222
11223
11227
11229
11231
11233
11238
11244
11256
11258
11264
11265
11271
11272
11276
11282
11288
11291
11292
11294
11300
11304
11305
11313
11316
11320
11323
11326
11328
11332
11340
11349
11358
11398
11401
11402
11403
11411
11422
11426
11449
11461
11475
11485
11487
11494
11496
11497
11505
11508
11528
11538
11544
11567
11569
11570
11576
11579
11591
11605
11613
11619
11624
11625
11630
11631
11635
11638
11643
11655
11658
11661
11673
11677
11680
11690
11696
11697
11701
11702
11703
11713
11720
11723
11737
11754
11774
11775
11788
11791
11794
11796
11801
11802
11805
11818
11826
11831
11838
11842
11849
11856
11877
11887
11931
11953
11968
11987
11990
11996
12014
12016
12020
12034
12044
12047
12069
12070
12079
12081
12085
12093
12096
12102
12107
12108
12109
12115
12131
12145
12146
12147
12153
12155
12156
12158
12169
12182
12183
12192
12209
12213
12224
12228
12230
12233
12236
12238
12240
12251
12268
12269
12283
12284
12302
12307
12313
12315
12321
12333
12343
12345
12370
12372
12377
12379
12398
12408
12413
12416
12418
12424
12434
12440
12443
12448
12455
12459
12460
12471
12472
12484
12490
12497
12501
12509
12522
12524
12529
12543
12544
12547
12552
12556
12567
12574
12614
12647
12650
12661
12664
12666
12669
12673
12678
12681
12690
12696
12698
12700
12701
12704
12706
12711
12726
12728
12731
12733
12735
12741
12744
12754
12757
12764
12784
12790
12795
12797
12805
12809
12810
12817
12818
12822
12825
12827
12838
12839
12861
12864
12873
12876
12881
12884
12887
12891
12892
12896
12897
12916
12923
12927
12933
12938
12943
12946
12947
12966
12979
12986
12991
12993
12996
12999
13000
13020
13031
13040
13081
13082
13092
13106
13124
13127
13132
13140
13143
13144
13148
13158
13159
13168
13169
13172
13175
13176
13182
13195
13198
13202
13215
13220
13230
13232
13249
13258
13267
13274
13278
13279
13283
13285
13290
13292
13296
13300
13302
13318
13325
13332
13333
13352
13355
13357
13362
13364
13372
13379
13383
13397
13414
13415
13417
13420
13455
13465
13473
13489
13497
13506
13524
13525
13528
13529
13540
13550
13565
13574
13576
13595
13603
13616
13636
13637
13639
13662
13670
13675
13678
13715
13717
13719
13720
13721
13728
13763
13770
13783
13797
13800
13802
13815
13844
13856
13867
13868
13874
13876
13879
13882
13892
13904
13908
13909
13912
13916
13920
13921
13943
13944
13959
13965
13967
13969
13979
13983
13985
13992
13995
14004
14027
14029
14036
14041
14044
14056
14070
14073
14083
14088
14089
14090
14103
14108
14113
14125
14128
14135
14138
14151
14152
14159
14160
14167
14168
14175
14180
14203
14209
14219
14230
14238
14244
14248
14252
14253
14257
14261
14265
14269
14278
14281
14283
14285
14290
14297
14307
14312
14319
14320
14321
14337
14353
14357
14359
14367
14375
14388
14392
14402
14428
14432
14450
14453
14458
14468
14470
14472
14477
14484
14487
14488
14493
14494
14502
14533
14536
14537
14543
14546
14547
14549
14562
14575
14591
14600
14611
14628
14629
14630
14635
14644
14653
14662
14676
14677
14681
14683
14691
14698
14709
14713
14723
14726
14730
14733
14736
14740
14748
14750
14756
14757
14766
14768
14769
14773
14774
14791
14795
14798
14801
14804
14807
14812
14818
14821
14824
14835
14844
14849
14857
14864
14869
14870
14873
14874
14876
14880
14883
14886
14892
14925
14928
14938
14940
14941
14960
14961
14966
14969
14970
14975
14985
14986
14988
14990
15002
15008
15011
15017
15029
15032
15050
15055
15062
15067
15069
15070
15071
15089
15097
15109
15110
15117
15122
15140
15148
15151
15153
15157
15165
15175
15180
15183
15190
15193
15195
15198
15219
15220
15236
15239
15257
15262
15267
15268
15269
15273
15274
15276
15286
15289
15297
15302
15303
15345
15346
15354
15355
15356
15366
15379
15382
15391
15392
15394
15399
15400
15409
15427
15451
15469
15472
15474
15485
15486
15496
15544
15546
15554
15558
15559
15564
15566
15567
15576
15581
15582
15586
15588
15596
15600
15610
15619
15621
15644
15645
15652
15658
15663
15667
15678
15687
15709
15725
15726
15733
15735
15738
15744
15757
15764
15778
15792
15794
15797
15802
15810
15816
15818
15826
15827
15843
15846
15851
15859
15862
15881
15883
15885
15895
15897
15902
15906
15908
15915
15918
15919
15947
15952
15954
15957
15963
15968
15976
15978
15986
15994
16005
16015
16025
16027
16032
16037
16038
16039
16040
16056
16060
16063
16064
16069
16071
16072
16076
16080
16084
16089
16098
16099
16101
16109
16112
16113
16114
16123
16125
16142
16164
16166
16169
16173
16180
16188
16195
16206
16209
16210
16216
16237
16238
16240
16243
16253
16254
16255
16257
16273
16283
16285
16290
16297
16308
16314
16317
16318
16322
16327
16343
16344
16346
16355
16356
16359
16360
16364
16377
16382
16383
16403
16412
16418
16448
16458
16465
16466
16468
16470
16483
16486
16491
16496
16497
16509
16513
16521
16525
16526
16531
16546
16547
16556
16567
16574
16578
16590
16593
16599
16605
16616
16629
16631
16659
16660
16664
16665
16670
16672
16677
16693
16706
16715
16725
16730
16732
16733
16737
16744
16757
16758
16759
16761
16764
16773
16775
16784
16796
16805
16814
16817
16823
16827
16831
16837
16838
16839
16875
16879
16890
16896
16897
16902
16905
16931
16935
16950
16957
16959
16961
16964
16977
16980
17003
17004
17018
17047
17057
17065
17068
17073
17095
17096
17108
17137
17153
17166
17167
17170
17171
17174
17179
17181
17183
17192
17198
17206
17210
17236
17244
17267
17272
17273
17282
17305
17308
17311
17312
17313
17320
17325
17345
17350
17355
17356
17364
17365
17376
17392
17399
17401
17413
17420
17425
17432
17438
17449
17450
17451
17460
17468
17472
17474
17476
17482
17484
17487
17489
17520
17526
17534
17559
17560
17566
17570
17573
17578
17580
17582
17583
17585
17586
17587
17590
17591
17613
17625
17644
17655
17667
17675
17683
17696
17697
17703
17707
17708
17712
17717
17741
17751
17755
17760
17766
17776
17791
17799
17817
17839
17858
17859
17869
17877
17882
17883
17914
17921
17923
17927
17935
17936
17938
17944
17945
17954
17962
17967
17972
17975
17985
18000
18006
18020
18029
18041
18046
18048
18058
18059
18072
18073
18075
18090
18093
18098
18099
18111
18127
18136
18148
18149
18155
18157
18158
18171
18179
18191
18194
18201
18211
18214
18217
18224
18241
18244
18250
18252
18256
18265
18270
18290
18293
18294
18295
18299
18309
18316
18317
18319
18327
18333
18336
18350
18358
18359
18366
18367
18370
18373
18375
18377
18389
18394
18395
18396
18401
18402
18412
18418
18424
18425
18426
18432
18439
18442
18444
18450
18457
18460
18462
18464
18466
18473
18475
18480
18482
18485
18490
18496
18501
18507
18513
18523
18525
18529
18530
18535
18542
18553
18554
18555
18557
18559
18563
18564
18584
18605
18614
18627
18633
18641
18654
18656
18658
18661
18666
18683
18687
18688
18691
18699
18704
18728
18743
18766
18775
18780
18783
18794
18802
18809
18811
18816
18819
18824
18839
18841
18862
18866
18882
18885
18888
18893
18896
18903
18908
18916
18928
18930
18934
18935
18938
18942
18956
18957
18973
18975
18982
18994
19002
19013
19022
19025
19032
19036
19037
19047
19062
19074
19079
19085
19087
19090
19096
19123
19129
19131
19132
19134
19136
19142
19146
19157
19158
19176
19181
19182
19185
19193
19194
19198
19202
19236
19240
19247
19250
19251
19275
19292
19304
19306
19308
19313
19318
19320
19322
19324
19329
19333
19374
19375
19385
19387
19394
19397
19399
19413
19428
19431
19435
19441
19443
19444
19446
19448
19450
19451
19456
19463
19471
19472
19487
19489
19491
19496
19499
19501
19523
19528
19532
19534
19542
19544
19546
19552
19589
19592
19594
19608
19609
19622
19624
19631
19635
19637
19642
19647
19663
19667
19671
19675
19681
19694
19695
19698
19707
19712
19714
19716
19725
19737
19754
19756
19759
19763
19766
19767
19769
19781
19783
19789
19793
19794
19797
19817
19828
19838
19845
19871
19874
19881
19888
19904
19905
19906
19918
19923
19926
19929
19932
19938
19949
19955
19957
19962
19964
19967
19987
19994
20001
20004
20012
20013
20038
20039
20044
20046
20063
20069
20070
20087
20090
20106
20111
20119
20136
20146
20156
20157
20161
20168
20172
20175
20177
20178
20179
20182
20184
20188
20202
20207
20213
20221
20245
20251
20253
20254
20255
20273
20276
20279
20289
20291
20305
20307
20308
20311
20315
20334
20342
20355
20367
20376
20381
20384
20389
20391
20398
20410
20414
20417
20421
20434
20438
20444
20450
20456
20459
20460
20464
20481
20487
20489
20491
20509
20515
20517
20524
20527
20528
20540
20542
20549
20556
20561
20570
20575
20579
20588
20598
20599
20601
20611
20613
20629
20632
20640
20641
20644
20646
20651
20671
20698
20702
20707
20711
20727
20742
20748
20757
20760
20768
20769
20770
20774
20777
20779
20781
20784
20788
20794
20796
20809
20825
20839
20849
20853
20903
20904
20908
20912
20925
20929
20935
20947
20962
20965
20966
20971
20979
20983
20987
21001
21003
21023
21029
21036
21048
21049
21051
21070
21075
21076
21079
21083
21089
21126
21136
21138
21143
21147
21151
21152
21161
21164
21169
21175
21181
21183
21194
21197
21198
21202
21204
21212
21213
21215
21222
21223
21235
21240
21248
21253
21269
21276
21280
21281
21284
21285
21292
21310
21313
21320
21329
21330
21343
21345
21353
21361
21365
21374
21378
21383
21394
21396
21400
21404
21417
21419
21423
21447
21452
21459
21462
21469
21470
21498
21500
21504
21514
21528
21531
21534
21544
21551
21553
21564
21566
21569
21571
21587
21588
21592
21613
21622
21632
21641
21644
21645
21647
21650
21662
21671
21674
21676
21685
21686
21688
21711
21717
21740
21746
21747
21750
21751
21764
21776
21779
21780
21782
21786
21796
21811
21826
21830
21846
21868
21872
21883
21889
21895
21900
21905
21919
21924
21926
21931
21942
21963
21964
21968
21971
21979
21981
21983
21989
21991
21993
22004
22008
22012
22014
22026
22032
22041
22044
22048
22051
22056
22059
22071
22085
22086
22102
22103
22112
22113
22116
22118
22123
22129
22135
22149
22154
22164
22167
22176
22180
22193
22195
22198
22199
22208
22213
22215
22218
22222
22224
22228
22229
22236
22240
22256
22265
22271
22274
22275
22281
22291
22298
22304
22309
22326
22341
22355
22360
22367
22374
22403
22409
22411
22415
22420
22423
22427
22429
22440
22451
22462
22474
22478
22482
22484
22487
22492
22498
22500
22501
22525
22526
22529
22530
22536
22545
22575
22582
22593
22599
22612
22621
22624
22626
22627
22628
22646
22649
22650
22652
22656
22658
22660
22671
22675
22680
22683
22689
22690
22691
22696
22708
22710
22719
22726
22740
22741
22757
22759
22767
22777
22793
22796
22799
22801
22802
22806
22811
22816
22819
22837
22850
22854
22857
22863
22870
22871
22874
22879
22882
22890
22894
22907
22924
22926
22928
22929
22940
22949
22953
22962
22964
22974
22979
22987
23000
23004
23015
23019
23024
23025
23047
23050
23051
23054
23066
23072
23084
23089
23094
23096
23098
23100
23102
23107
23108
23117
23121
23127
23134
23137
23140
23162
23163
23176
23177
23200
23201
23203
23218
23219
23245
23247
23249
23250
23253
23255
23258
23270
23274
23275
23280
23283
23287
23294
23298
23311
23315
23343
23355
23357
23361
23369
23380
23387
23392
23395
23405
23406
23413
23415
23420
23424
23429
23446
23447
23450
23479
23480
23487
23489
23501
23511
23539
23542
23546
23548
23551
23569
23579
23584
23585
23587
23594
23603
23631
23639
23656
23660
23671
23673
23676
23687
23695
23702
23703
23709
23718
23723
23731
23737
23741
23743
23746
23754
23760
23774
23779
23786
23793
23797
23802
23807
23811
23812
23815
23821
23874
23875
23879
23893
23895
23914
23917
23919
23927
23935
23949
23951
23957
23967
23982
23984
23986
23988
23991
23995
23996
23998
24002
24026
24030
24032
24036
24038
24040
24042
24061
24072
24073
24076
24081
24086
24091
24097
24100
24103
24105
24106
24107
24112
24132
24133
24149
24150
24154
24157
24159
24169
24175
24195
24197
24204
24215
24221
24223
24239
24242
24247
24257
24259
24260
24266
24285
24289
24296
24299
24305
24307
24310
24343
24352
24368
24372
24375
24380
24385
24386
24391
24393
24396
24401
24402
24403
24411
24414
24416
24428
24434
24436
24446
24454
24457
24489
24497
24507
24515
24516
24518
24520
24522
24536
24551
24553
24554
24563
24566
24571
24585
24591
24600
24601
24608
24609
24621
24625
24629
24657
24664
24672
24674
24689
24693
24699
24706
24712
24714
24716
24723
24725
24728
24730
24737
24744
24755
24762
24763
24769
24776
24778
24779
24782
24788
24792
24794
24808
24813
24828
24842
24849
24851
24859
24861
24869
24882
24912
24915
24922
24923
24931
24932
24935
24939
24958
24971
24972
24974
24980
24991
25003
25005
25024
25034
25041
25058
25060
25069
25100
25102
25103
25105
25110
25115
25123
25134
25138
25142
25143
25144
25147
25148
25158
25162
25165
25167
25174
25193
25232
25234
25237
25239
25244
25245
25252
25273
25274
25282
25283
25290
25293
25322
25343
25348
25352
25353
25358
25374
25376
25385
25401
25412
25421
25423
25425
25430
25433
25452
25453
25455
25461
25467
25470
25481
25485
25506
25508
25515
25517
25525
25528
25533
25539
25548
25549
25550
25551
25552
25566
25576
25595
25609
25621
25628
25643
25644
25654
25660
25665
25668
25675
25685
25697
25710
25717
25722
25729
25746
25755
25758
25759
25777
25784
25797
25799
25801
25803
25804
25807
25809
25812
25833
25846
25847
25853
25854
25855
25860
25864
25870
25872
25895
25896
25902
25903
25907
25917
25972
25984
25987
25989
25990
25994
25996
25997
25998
26002
26010
26017
26024
26025
26026
26027
26028
26029
26031
26049
26051
26052
26053
26068
26072
26078
26097
26101
26105
26108
26118
26132
26133
26147
26152
26162
26164
26165
26166
26176
26185
26201
26209
26221
26226
26233
26241
26260
26263
26274
26281
26286
26292
26302
26304
26310
26319
26320
26321
26356
26359
26362
26363
26365
26367
26371
26374
26375
26378
26388
26393
26398
26405
26409
26413
26424
26425
26427
26430
26432
26436
26438
26443
26448
26454
26466
26468
26472
26483
26484
26488
26497
26498
26501
26503
26504
26506
26507
26512
26518
26529
26534
26536
26537
26552
26560
26570
26573
26576
26577
26583
26584
26602
26609
26617
26624
26625
26635
26640
26643
26645
26647
26652
26654
26655
26668
26670
26671
26676
26686
26697
26699
26713
26720
26730
26731
26732
26733
26734
26735
26746
26747
26748
26765
26768
26775
26780
26782
26783
26784
26801
26802
26803
26809
26817
26818
26829
26833
26879
26884
26893
26895
26900
26905
26907
26908
26913
26924
26928
26932
26938
26939
26942
26943
26953
26967
26982
26985
26987
26988
26992
26995
27002
27005
27006
27008
27012
27015
27037
27041
27050
27070
27074
27075
27104
27105
27108
27109
27135
27136
27142
27149
27151
27157
27158
27163
27175
27190
27191
27207
27208
27215
27221
27224
27226
27227
27237
27241
27246
27252
27267
27276
27282
27299
27302
27307
27319
27330
27334
27343
27345
27348
27364
27365
27371
27374
27389
27394
27395
27412
27417
27424
27428
27441
27451
27463
27471
27476
27478
27482
27484
27486
27490
27493
27495
27510
27511
27513
27516
27517
27519
27522
27528
27530
27539
27540
27544
27556
27562
27564
27565
27569
27570
27578
27593
27599
27610
27611
27616
27617
27622
27627
27642
27656
27658
27660
27662
27665
27667
27674
27675
27691
27704
27706
27711
27718
27723
27727
27731
27742
27750
27755
27756
27763
27764
27776
27777
27778
27787
27789
27792
27796
27798
27805
27810
27826
27842
27844
27859
27862
27871
27888
27890
27897
27902
27907
27917
27919
27920
27921
27935
27937
27942
27946
27950
27969
27974
27975
27977
27980
27987
27988
27989
27995
28002
28006
28007
28010
28011
28012
28037
28038
28044
28058
28071
28072
28093
28097
28099
28103
28109
28114
28115
28116
28127
28131
28134
28154
28157
28174
28184
28192
28194
28214
28229
28230
28231
28239
28246
28251
28253
28257
28261
28273
28276
28281
28290
28293
28304
28307
28314
28317
28318
28327
28333
28335
28336
28349
28356
28359
28377
28389
28392
28402
28415
28417
28456
28462
28480
28499
28503
28517
28518
28523
28525
28532
28535
28540
28547
28555
28560
28575
28588
28595
28626
28642
28646
28650
28654
28655
28658
28671
28674
28675
28676
28688
28692
28702
28713
28714
28719
28742
28759
28764
28766
28782
28797
28802
28820
28823
28824
28826
28832
28835
28842
28853
28854
28855
28858
28868
28872
28874
28875
28878
28881
28885
28887
28889
28903
28917
28924
28952
28953
28955
28961
28982
28994
28998
29014
29020
29030
29041
29045
29059
29074
29075
29080
29090
29096
29104
29114
29116
29128
29136
29138
29140
29145
29146
29151
29153
29154
29155
29161
29170
29176
29189
29191
29226
29241
29252
29253
29254
29268
29274
29275
29286
29287
29288
29299
29306
29308
29312
29320
29322
29324
29328
29358
29370
29377
29391
29402
29405
29406
29426
29431
29432
29437
29444
29449
29456
29457
29466
29472
29482
29501
29506
29509
29519
29521
29523
29524
29525
29538
29541
29558
29563
29573
29575
29579
29582
29587
29592
29593
29601
29602
29607
29622
29626
29639
29642
29643
29647
29648
29656
29671
29687
29706
29709
29711
29715
29719
29724
29727
29730
29747
29751
29752
29755
29761
29776
29793
29799
29801
29802
29813
29816
29821
29833
29839
29852
29879
29886
29892
29894
29895
29909
29911
29913
29915
29931
29934
29936
29937
29942
29943
29962
29964
30000
30034
30038
30044
30049
30055
30062
30066
30067
30068
30094
30100
30109
30114
30120
30133
30139
30143
30149
30156
30163
30188
30193
30195
30198
30203
30205
30222
30231
30235
30238
30239
30247
30255
30261
30267
30270
30274
30288
30289
30290
30299
30303
30307
30328
30332
30334
30340
30345
30347
30349
30353
30355
30356
30371
30383
30387
30395
30401
30403
30408
30409
30413
30418
30429
30431
30434
30437
30443
30448
30457
30465
30471
30478
30484
30488
30492
30508
30519
30526
30529
30534
30548
30549
30565
30566
30569
30583
30585
30588
30589
30607
30608
30611
30619
30630
30643
30646
30657
30665
30667
30668
30677
30681
30685
30699
30706
30707
30711
30712
30719
30731
30752
30775
30779
30787
30796
30815
30822
30836
30838
30851
30852
30856
30864
30871
30879
30880
30888
30895
30910
30939
30942
30958
30960
30962
30973
30983
30992
30995
30997
31016
31017
31019
31041
31043
31049
31053
31057
31061
31073
31078
31079
31080
31081
31082
31084
31090
31092
31106
31112
31113
31121
31135
31142
31151
31157
31161
31164
31176
31187
31188
31202
31230
31235
31240
31250
31258
31273
31281
31282
31288
31324
31329
31332
31333
31335
31339
31345
31358
31368
31373
31374
31382
31390
31391
31392
31393
31434
31442
31443
31451
31454
31462
31465
31470
31471
31482
31497
31504
31514
31519
31521
31532
31536
31537
31542
31561
31562
31567
31582
31587
31588
31590
31596
31601
31602
31604
31606
31612
31616
31621
31634
31641
31642
31650
31653
31666
31667
31671
31673
31699
31711
31717
31729
31733
31734
31736
31738
31745
31748
31752
31765
31773
31777
31788
31794
31796
31812
31813
31822
31825
31829
31838
31851
31865
31867
31882
31888
31893
31902
31904
31913
31915
31919
31922
31923
31938
31941
31943
31948
31965
31979
31981
31983
31984
32001
32044
32054
32056
32060
32061
32067
32068
32071
32074
32095
32102
32105
32116
32124
32129
32134
32147
32149
32151
32176
32183
32190
32203
32206
32220
32231
32236
32242
32248
32258
32270
32284
32289
32295
32300
32301
32322
32329
32331
32339
32356
32362
32364
32367
32368
32386
32391
32400
32403
32405
32413
32442
32451
32455
32456
32458
32464
32471
32474
32491
32510
32513
32522
32523
32524
32533
32538
32544
32549
32562
32574
32575
32577
32578
32579
32586
32597
32598
32606
32607
32609
32611
32626
32627
32629
32639
32645
32646
32648
32656
32664
32667
32668
32673
32674
32675
32677
32678
32679
32681
32689
32695
32700
32707
32708
32712
32715
32720
32722
32727
32738
32739
32751
32760
32767
32773
32777
32778
32801
32804
32809
32812
32816
32818
32819
32829
32832
32843
32845
32850
32868
32872
32877
32888
32892
32903
32906
32907
32918
32932
32944
32947
32949
32954
32957
32960
32965
32967
32984
32985
32997
33006
33008
33009
33017
33042
33044
33047
33052
33055
33057
33061
33066
33068
33073
33077
33091
33093
33094
33105
33111
33116
33124
33126
33127
33130
33144
33146
33156
33158
33167
33172
33175
33177
33186
33204
33208
33213
33215
33216
33240
33249
33251
33262
33270
33272
33295
33297
33300
33303
33305
33315
33325
33329
33341
33345
33352
33358
33377
33383
33386
33405
33408
33416
33429
33431
33435
33441
33444
33445
33471
33476
33481
33488
33489
33494
33500
33505
33527
33529
33536
33555
33571
33572
33576
33581
33593
33596
33601
33612
33625
33631
33634
33642
33643
33645
33647
33650
33667
33669
33672
33683
33687
33695
33697
33698
33702
33717
33718
33721
33731
33732
33733
33742
33743
33749
33752
33753
33756
33761
33764
33773
33786
33787
33793
33798
33802
33808
33815
33820
33828
33830
33835
33838
33840
33841
33842
33845
33861
33866
33869
33871
33874
33882
33883
33888
33891
33896
33897
33900
33901
33904
33924
33930
33938
33958
33974
33979
33990
33991
34013
34015
34019
34020
34038
34039
34056
34061
34063
34074
34097
34100
34104
34113
34115
34120
34126
34128
34138
34151
34164
34167
34180
34207
34212
34214
34221
34222
34223
34231
34234
34235
34246
34267
34279
34283
34285
34299
34321
34333
34340
34343
34354
34356
34372
34377
34378
34381
34389
34397
34404
34409
34412
34415
34428
34430
34431
34437
34438
34439
34445
34454
34464
34469
34471
34475
34478
34480
34482
34487
34489
34491
34500
34508
34522
34531
34535
34539
34551
34557
34570
34574
34580
34597
34611
34616
34617
34624
34632
34645
34657
34674
34680
34682
34684
34687
34691
34702
34708
34732
34749
34752
34754
34757
34773
34779
34785
34786
34795
34798
34800
34808
34810
34815
34816
34818
34820
34824
34825
34828
34831
34835
34837
34842
34847
34855
34861
34865
34866
34874
34877
34880
34882
34884
34900
34904
34930
34938
34950
34971
34993
35002
35004
35008
35012
35030
35031
35037
35045
35049
35052
35069
35074
35076
35093
35102
35105
35110
35126
35128
35132
35145
35148
35150
35160
35176
35206
35211
35216
35228
35240
35241
35245
35246
35248
35256
35265
35272
35282
35313
35316
35318
35322
35328
35343
35351
35352
35357
35358
35361
35374
35382
35395
35397
35401
35411
35424
35429
35434
35436
35438
35446
35456
35459
35473
35482
35489
35497
35504
35506
35525
35529
35532
35535
35547
35552
35558
35567
35580
35589
35599
35613
35628
35642
35643
35663
35664
35670
35671
35672
35696
35705
35707
35711
35712
35715
35717
35725
35726
35738
35741
35767
35768
35771
35774
35783
35795
35796
35807
35814
35817
35818
35825
35826
35827
35843
35844
35864
35880
35884
35891
35894
35897
35935
35940
35945
35948
35951
35952
35962
35964
35966
35971
35972
35974
35975
35979
35985
35995
36006
36012
36017
36022
36023
36028
36029
36032
36034
36041
36046
36048
36049
36051
36057
36077
36082
36086
36091
36098
36101
36113
36123
36124
36149
36151
36157
36196
36197
36204
36218
36221
36222
36226
36228
36230
36237
36252
36267
36273
36277
36278
36281
36282
36289
36303
36311
36322
36326
36331
36333
36341
36345
36349
36351
36361
36373
36388
36413
36417
36420
36421
36433
36439
36447
36448
36450
36451
36459
36460
36469
36473
36482
36484
36487
36488
36492
36498
36500
36503
36522
36523
36528
36542
36547
36548
36557
36559
36561
36563
36567
36569
36574
36589
36598
36606
36607
36614
36618
36639
36653
36658
36663
36713
36725
36726
36728
36729
36732
36736
36741
36745
36748
36757
36758
36761
36765
36768
36773
36783
36797
36805
36810
36811
36816
36827
36828
36836
36841
36850
36854
36864
36880
36881
36903
36904
36907
36908
36911
36914
36915
36919
36939
36942
36948
36950
36951
36953
36957
36961
36962
36966
36968
36973
36981
36990
37001
37003
37009
37012
37015
37017
37024
37030
37032
37038
37039
37041
37059
37062
37063
37074
37076
37102
37113
37124
37126
37140
37149
37158
37160
37165
37169
37174
37175
37177
37181
37183
37186
37193
37198
37205
37209
37222
37244
37282
37286
37291
37322
37323
37325
37326
37327
37339
37343
37354
37358
37367
37396
37401
37403
37413
37429
37433
37456
37468
37470
37477
37478
37479
37492
37502
37513
37514
37519
37527
37552
37563
37566
37579
37595
37615
37616
37624
37646
37655
37660
37666
37671
37675
37677
37678
37682
37688
37695
37697
37698
37702
37707
37708
37709
37716
37719
37728
37729
37734
37743
37757
37771
37779
37782
37783
37800
37826
37830
37843
37846
37847
37852
37857
37862
37863
37864
37865
37871
37875
37882
37900
37905
37907
37913
37925
37931
37932
37944
37945
37953
37954
37955
37956
37968
37973
37979
37986
38000
38017
38022
38026
38027
38029
38031
38034
38041
38049
38053
38073
38090
38097
38116
38117
38122
38123
38155
38178
38179
38180
38186
38198
38204
38213
38226
38232
38241
38256
38259
38266
38274
38276
38277
38282
38286
38296
38301
38317
38321
38326
38336
38350
38353
38357
38370
38372
38375
38380
38402
38411
38417
38426
38431
38432
38438
38439
38440
38447
38449
38465
38474
38477
38490
38513
38525
38531
38532
38540
38543
38546
38548
38558
38572
38582
38584
38586
38589
38601
38606
38616
38622
38645
38663
38666
38668
38670
38681
38682
38685
38686
38693
38709
38710
38714
38718
38721
38722
38726
38730
38733
38745
38747
38748
38751
38752
38753
38756
38769
38772
38786
38798
38808
38817
38823
38827
38828
38837
38838
38840
38845
38850
38858
38862
38886
38888
38891
38892
38895
38899
38902
38904
38905
38910
38919
38922
38923
38929
38933
38934
38938
38955
38963
38965
38986
38999
39009
39010
39012
39014
39016
39022
39040
39064
39065
39072
39078
39080
39081
39082
39083
39089
39098
39099
39100
39106
39113
39115
39120
39125
39131
39137
39138
39141
39152
39155
39159
39163
39171
39185
39191
39195
39196
39201
39202
39203
39211
39225
39236
39258
39261
39267
39270
39277
39301
39309
39317
39321
39322
39335
39357
39359
39360
39368
39386
39398
39399
39434
39438
39446
39447
39455
39456
39460
39464
39467
39468
39470
39495
39497
39502
39504
39509
39512
39513
39514
39527
39528
39531
39535
39538
39542
39548
39555
39556
39570
39580
39588
39589
39592
39598
39606
39617
39619
39628
39629
39630
39632
39643
39654
39656
39663
39664
39669
39671
39680
39682
39685
39686
39698
39705
39708
39711
39716
39718
39726
39731
39733
39743
39747
39754
39760
39764
39768
39777
39778
39779
39791
39802
39811
39812
39828
39844
39852
39858
39859
39860
39865
39866
39871
39884
39888
39900
39905
39911
39913
39925
39926
39928
39948
39958
39961
39978
39988
40006
40011
40016
40018
40037
40042
40055
40056
40064
40065
40069
40072
40075
40087
40091
40094
40100
40103
40108
40109
40111
40114
40129
40138
40144
40158
40165
40201
40211
40219
40228
40244
40246
40251
40259
40272
40275
40283
40286
40298
40304
40305
40317
40325
40334
40338
40341
40342
40346
40348
40351
40359
40361
40398
40399
40407
40414
40419
40423
40428
40446
40449
40455
40458
40466
40468
40470
40497
40498
40500
40515
40517
40534
40535
40557
40580
40583
40593
40602
40603
40606
40620
40625
40635
40643
40658
40675
40681
40685
40686
40689
40705
40708
40711
40720
40723
40729
40732
40735
40737
40768
40771
40779
40783
40795
40796
40813
40821
40830
40838
40839
40842
40844
40846
40855
40874
40886
40890
40891
40894
40901
40905
40906
40910
40911
40912
40923
40924
40930
40931
40937
40938
40940
40946
40948
40954
40957
40961
40966
40986
40987
40988
40989
40995
40998
41005
41008
41011
41014
41018
41020
41022
41054
41056
41077
41079
41085
41087
41094
41097
41103
41105
41110
41116
41119
41128
41132
41135
41138
41155
41174
41180
41186
41199
41200
41212
41225
41231
41233
41247
41252
41257
41259
41265
41271
41272
41273
41279
41293
41305
41311
41319
41322
41331
41340
41342
41343
41345
41351
41356
41357
41369
41373
41377
41389
41392
41397
41404
41413
41434
41437
41442
41449
41453
41456
41458
41459
41461
41475
41478
41482
41505
41516
41528
41549
41550
41552
41565
41568
41570
41572
41574
41575
41577
41588
41597
41603
41606
41616
41625
41638
41649
41658
41666
41669
41673
41678
41687
41700
41708
41710
41711
41728
41729
41739
41740
41742
41745
41753
41754
41756
41763
41770
41771
41772
41776
41796
41818
41826
41831
41837
41838
41840
41842
41854
41859
41875
41887
41890
41895
41899
41918
41920
41924
41940
41950
41952
41959
41962
41997
41998
42008
42024
42042
42044
42050
42055
42057
42069
42079
42081
42089
42091
42103
42122
42137
42144
42156
42161
42165
42166
42169
42173
42190
42196
42201
42204
42209
42225
42245
42254
42260
42278
42288
42293
42297
42308
42312
42320
42333
42336
42339
42341
42342
42347
42349
42355
42366
42371
42375
42385
42387
42399
42404
42406
42407
42408
42413
42415
42418
42421
42422
42429
42433
42441
42458
42463
42472
42479
42481
42482
42492
42493
42501
42507
42516
42529
42541
42553
42570
42576
42578
42584
42591
42619
42620
42622
42634
42644
42659
42661
42667
42671
42680
42682
42683
42685
42690
42694
42697
42698
42700
42704
42705
42707
42711
42725
42731
42737
42741
42743
42748
42750
42752
42756
42757
42760
42763
42779
42790
42793
42799
42800
42804
42805
42808
42810
42818
42819
42820
42834
42837
42849
42855
42856
42858
42860
42861
42862
42865
42867
42870
42919
42921
42944
42947
42953
42956
42960
42967
42968
42970
42972
42975
42977
42979
43001
43024
43029
43033
43071
43073
43077
43098
43110
43133
43150
43161
43163
43170
43171
43191
43193
43202
43206
43218
43226
43232
43243
43248
43256
43261
43264
43269
43270
43279
43286
43289
43290
43291
43305
43324
43331
43340
43344
43345
43350
43353
43369
43404
43407
43411
43417
43425
43431
43433
43438
43444
43451
43455
43464
43477
43479
43486
43500
43506
43510
43511
43513
43522
43535
43542
43543
43546
43555
43558
43560
43561
43566
43585
43605
43609
43611
43613
43625
43629
43635
43655
43657
43670
43673
43692
43693
43697
43704
43712
43719
43720
43724
43734
43739
43742
43750
43753
43773
43778
43780
43782
43795
43806
43809
43813
43829
43850
43851
43854
43856
43872
43882
43893
43895
43912
43922
43931
43936
43939
43957
43960
43961
43968
43971
43998
44017
44022
44029
44040
44045
44047
44054
44057
44060
44065
44081
44093
44117
44127
44129
44132
44135
44136
44138
44140
44147
44151
44165
44167
44170
44171
44178
44209
44215
44220
44227
44228
44232
44240
44244
44263
44266
44269
44291
44298
44312
44327
44328
44341
44347
44353
44358
44360
44372
44385
44414
44421
44425
44432
44437
44454
44463
44464
44471
44474
44476
44483
44488
44491
44494
44500
44504
44508
44520
44536
44540
44545
44559
44575
44579
44580
44583
44592
44594
44600
44609
44611
44612
44613
44621
44625
44627
44637
44644
44663
44670
44671
44672
44675
44677
44679
44682
44687
44700
44702
44718
44719
44724
44729
44739
44743
44751
44774
44776
44780
44781
44782
44788
44795
44800
44801
44802
44813
44814
44815
44820
44823
44825
44827
44831
44839
44840
44842
44856
44858
44901
44911
44937
44946
44950
44952
44954
44958
44959
44960
44962
44977
45004
45007
45016
45026
45031
45040
45049
45053
45058
45059
45063
45071
45084
45086
45089
45094
45097
45099
45105
45108
45110
45124
45128
45131
45136
45138
45146
45148
45165
45175
45176
45188
45193
45195
45197
45208
45215
45222
45226
45230
45240
45248
45259
45270
45276
45281
45283
45284
45292
45299
45306
45337
45339
45343
45351
45359
45366
45367
45374
45383
45388
45392
45396
45425
45433
45434
45435
45437
45446
45455
45463
45464
45471
45475
45479
45481
45487
45491
45492
45493
45494
45516
45524
45528
45536
45537
45552
45554
45573
45580
45582
45586
45587
45593
45594
45600
45603
45621
45622
45624
45626
45627
45634
45644
45648
45655
45659
45672
45678
45680
45685
45687
45721
45729
45741
45746
45750
45770
45771
45785
45792
45809
45829
45830
45835
45840
45842
45844
45854
45859
45864
45882
45885
45912
45920
45922
45923
45926
45941
45942
45946
45949
45954
45959
45966
45976
45989
45994
45999
46003
46013
46023
46024
46038
46042
46056
46059
46068
46071
46073
46077
46090
46099
46101
46106
46112
46118
46144
46146
46149
46155
46162
46168
46169
46170
46173
46189
46195
46207
46211
46223
46230
46251
46258
46260
46263
46265
46269
46276
46303
46306
46310
46315
46316
46320
46322
46329
46331
46339
46345
46356
46371
46372
46385
46405
46408
46419
46429
46433
46438
46440
46441
46447
46454
46460
46473
46492
46508
46512
46519
46524
46526
46537
46543
46544
46551
46563
46564
46571
46580
46592
46608
46616
46630
46640
46656
46660
46674
46676
46686
46725
46728
46729
46736
46737
46743
46749
46753
46754
46760
46764
46786
46805
46812
46813
46816
46818
46847
46859
46869
46870
46877
46882
46883
46885
46889
46893
46905
46919
46924
46927
46936
46940
46941
46942
46950
46975
46978
46981
46990
47004
47008
47016
47020
47022
47054
47073
47074
47084
47093
47101
47105
47125
47131
47137
47151
47164
47173
47177
47181
47189
47191
47192
47194
47198
47202
47203
47204
47213
47221
47225
47226
47230
47234
47235
47242
47249
47256
47260
47263
47267
47281
47285
47293
47294
47295
47315
47333
47346
47347
47361
47367
47372
47386
47387
47391
47394
47395
47403
47405
47407
47418
47419
47425
47435
47451
47458
47471
47475
47481
47487
47489
47492
47498
47502
47509
47511
47512
47516
47519
47524
47526
47548
47550
47552
47554
47563
47566
47570
47596
47611
47614
47617
47619
47621
47624
47627
47631
47638
47639
47640
47643
47651
47652
47654
47658
47659
47667
47680
47684
47686
47687
47700
47720
47724
47725
47729
47732
47734
47735
47739
47742
47746
47752
47757
47767
47774
47778
47780
47792
47804
47805
47813
47832
47837
47848
47867
47873
47877
47882
47886
47893
47904
47909
47916
47935
47940
47942
47948
47953
47954
47972
47973
47975
47981
47984
47992
48001
48014
48017
48032
48034
48035
48044
48047
48066
48067
48101
48103
48104
48118
48126
48129
48130
48133
48141
48145
48150
48160
48163
48169
48189
48194
48196
48204
48209
48220
48226
48229
48256
48257
48261
48267
48270
48281
48282
48284
48287
48289
48299
48304
48319
48320
48332
48334
48339
48340
48354
48365
48381
48384
48388
48394
48398
48408
48417
48419
48432
48441
48442
48451
48478
48489
48493
48530
48531
48548
48554
48558
48571
48575
48595
48604
48609
48616
48617
48632
48636
48653
48656
48658
48664
48668
48670
48674
48679
48680
48682
48684
48685
48692
48708
48710
48711
48728
48731
48733
48737
48739
48742
48743
48747
48749
48753
48756
48759
48772
48784
48786
48789
48791
48794
48795
48797
48805
48821
48824
48825
48844
48850
48863
48870
48882
48892
48893
48895
48910
48917
48929
48931
48934
48935
48937
48939
48943
48944
48947
48971
48972
48974
48993
49005
49006
49014
49017
49022
49037
49048
49053
49058
49062
49065
49068
49069
49079
49080
49092
49095
49096
49097
49119
49120
49123
49128
49135
49143
49151
49165
49175
49191
49194
49199
49217
49236
49240
49254
49257
49258
49268
49275
49283
49286
49301
49309
49312
49315
49321
49327
49338
49346
49348
49357
49363
49370
49371
49378
49382
49384
49402
49408
49424
49428
49429
49434
49444
49450
49458
49460
49470
49478
49495
49502
49508
49522
49550
49551
49553
49554
49559
49567
49573
49581
49586
49592
49602
49603
49640
49643
49648
49660
49662
49673
49682
49683
49688
49716
49718
49719
49720
49731
49740
49746
49758
49763
49770
49777
49782
49790
49796
49801
49814
49819
49858
49860
49862
49866
49881
49884
49885
49886
49891
49893
49901
49902
49904
49913
49933
49942
49952
49974
49977
49979
49985
49988
49994
50003
50013
50025
50028
50034
50040
50046
50049
50054
50056
50058
50061
50098
50099
50100
50106
50124
50125
50134
50148
50158
50159
50161
50168
50177
50178
50179
50183
50193
50201
50204
50206
50222
50238
50244
50245
50246
50256
50263
50274
50276
50290
50305
50309
50321
50323
50324
50340
50354
50355
50358
50360
50366
50372
50379
50385
50389
50403
50404
50405
50407
50409
50410
50411
50412
50414
50429
50431
50434
50462
50463
50464
50470
50481
50485
50493
50507
50511
50514
50518
50535
50552
50553
50556
50562
50563
50568
50576
50583
50586
50591
50597
50601
50602
50609
50618
50620
50627
50648
50662
50667
50672
50686
50691
50695
50706
50713
50727
50740
50746
50752
50756
50757
50767
50771
50772
50778
50782
50786
50790
50791
50794
50806
50810
50817
50820
50837
50849
50863
50868
50878
50882
50883
50885
50912
50913
50926
50927
50939
50942
50945
50952
50956
50962
50972
50975
50980
50981
50988
50992
50995
51012
51025
51027
51028
51040
51045
51046
51052
51054
51067
51070
51076
51079
51083
51089
51095
51100
51110
51119
51143
51149
51156
51157
51167
51168
51175
51181
51191
51197
51199
51203
51210
51222
51223
51249
51258
51260
51270
51272
51278
51281
51285
51289
51291
51296
51302
51310
51322
51324
51328
51334
51335
51339
51342
51359
51369
51372
51390
51396
51403
51437
51443
51461
51465
51470
51471
51473
51474
51478
51484
51487
51493
51500
51501
51504
51512
51522
51530
51533
51549
51555
51563
51571
51574
51587
51605
51606
51618
51620
51628
51630
51631
51642
51643
51644
51663
51674
51680
51702
51704
51706
51717
51720
51735
51746
51750
51771
51773
51777
51793
51799
51800
51808
51819
51829
51835
51844
51851
51862
51866
51871
51880
51887
51898
51899
51908
51920
51928
51943
51946
51963
51965
51977
51982
51985
51989
51990
52003
52005
52010
52011
52012
52016
52020
52030
52035
52036
52037
52066
52069
52073
52086
52087
52090
52091
52094
52096
52107
52109
52112
52123
52128
52132
52151
52161
52166
52179
52183
52192
52193
52208
52209
52219
52222
52232
52233
52238
52248
52250
52256
52257
52267
52270
52281
52282
52286
52288
52290
52295
52299
52305
52308
52312
52314
52320
52324
52340
52341
52347
52348
52365
52368
52376
52382
52383
52388
52394
52406
52418
52425
52426
52433
52435
52440
52442
52461
52470
52472
52497
52503
52516
52518
52523
52527
52543
52546
52562
52582
52596
52603
52606
52609
52611
52614
52624
52626
52627
52628
52629
52631
52634
52637
52638
52644
52648
52650
52661
52686
52689
52691
52693
52700
52703
52712
52729
52747
52751
52756
52759
52760
52784
52790
52802
52803
52813
52819
52826
52843
52844
52846
52847
52849
52851
52853
52870
52871
52873
52897
52901
52902
52924
52925
52928
52929
52936
52938
52943
52949
52952
52957
52966
52978
52982
52983
52986
52992
53004
53015
53022
53037
53058
53081
53082
53084
53088
53095
53101
53108
53111
53113
53120
53121
53123
53131
53139
53142
53143
53145
53147
53150
53157
53169
53170
53176
53177
53183
53184
53196
53223
53229
53232
53236
53263
53267
53275
53289
53294
53301
53304
53315
53328
53330
53335
53339
53344
53347
53351
53359
53360
53361
53364
53370
53374
53388
53404
53405
53406
53410
53420
53431
53436
53448
53450
53451
53455
53457
53464
53465
53474
53479
53484
53490
53496
53514
53518
53531
53532
53539
53542
53546
53550
53580
53587
53589
53591
53595
53601
53604
53608
53615
53629
53632
53635
53641
53642
53643
53644
53660
53665
53668
53670
53672
53677
53691
53695
53696
53702
53712
53719
53720
53722
53725
53729
53731
53740
53748
53754
53756
53774
53788
53793
53800
53802
53803
53806
53823
53825
53864
53870
53875
53897
53898
53900
53911
53913
53928
53929
53939
53949
53952
53956
53957
53958
53965
53975
53977
53989
53990
54001
54003
54007
54009
54010
54011
54012
54013
54020
54025
54037
54039
54065
54083
54086
54088
54091
54111
54118
54121
54124
54130
54133
54141
54149
54160
54162
54163
54173
54178
54182
54194
54204
54205
54214
54225
54228
54244
54245
54254
54260
54264
54273
54277
54282
54286
54294
54295
54300
54301
54304
54305
54314
54318
54324
54327
54329
54334
54335
54337
54340
54344
54345
54348
54351
54354
54355
54358
54374
54375
54386
54398
54399
54401
54402
54406
54411
54425
54427
54442
54448
54452
54479
54485
54492
54510
54515
54516
54527
54532
54555
54560
54563
54575
54586
54589
54598
54603
54607
54614
54632
54642
54643
54655
54664
54671
54678
54679
54683
54692
54696
54706
54712
54717
54723
54733
54736
54738
54743
54744
54747
54749
54750
54758
54759
54761
54763
54764
54766
54796
54803
54804
54805
54806
54849
54850
54868
54869
54899
54903
54905
54909
54912
54918
54924
54928
54938
54943
54949
54953
54955
54957
54966
54974
54976
54989
54995
54996
55013
55017
55039
55049
55050
55053
55059
55074
55077
55090
55107
55109
55118
55119
55121
55126
55130
55135
55139
55155
55158
55184
55199
55202
55206
55221
55223
55226
55232
55237
